169497
169918
171951
175319
174787
179581
176215
180969
184787
189871
190581
191201
187633
190949
192840
198577
205420
207149
213523
224489
222532
221651
216297
216448
217657
224513
224987
227651
230336
231478
224067
221567
221012
220272
215185
211608
205694
206135
209787
212604
205400
205351
202233
203832
205192
214175
221397
239141
250414
260941
266187
254922
251934
252798
255985
259958
255085
249709
246676
239164
236163
228921
223075
218121
211518
207231
202623
201498
192697
191999
192332
195686
202910
206012
144279
147609
136821
123046
113620
112104
103556
96472
85299
79209
71520
64712
57004
51687
44320
38478
30638
25338
19731
15653
11758
8855
6362
4374
2833
1891
1074
590
357
185
90
102
