4 6 1
4 32 1
4 36 1
4 37 5
4 40 5
4 55 5
4 55 5
4 6 5
4 10 5
4 8 4
4 4 5
4 4 5
4 4 5
4 4 5
6 38 1
6 33 1
6 6 1
6 1 1
6 60 2
6 6 2
6 7 2
6 6 2
6 6 2
6 6 2
6 55 3
6 35 3
4 31 1
4 0 1
4 4 1
4 4 1
4 4 1
4 5 1
4 5 1
4 5 1
4 5 1
4 5 1
4 5 1
4 5 1
4 5 1
4 5 1
4 5 1
4 5 1
4 5 1
4 5 1
4 5 1
4 5 1
4 5 1
4 5 1
4 5 1
4 5 1
4 5 1
4 37 1
4 35 1
4 21 5
4 21 5
5 4 1
4 45 1
4 50 1
4 8 1
4 6 1
4 42 2
4 4 1
0 31 1
0 31 1
3 25 1
3 25 1
3 2 1
3 2 1
3 2 1
3 2 1
3 2 1
3 2 1
3 2 1
3 2 1
3 2 1
3 2 1
3 2 1
3 2 1
3 2 1
3 2 1
3 2 1
3 2 1
3 44 1
3 46 1
3 30 1
4 33 1
4 12 1
4 39 1
4 31 2
4 70 2
4 72 2
4 65 3
0 36 1
0 36 1
0 3 1
0 4 3
0 9 3
0 40 3
0 60 2
0 66 2
3 60 2
3 59 2
3 34 1
3 10 1
3 7 1
6 34 1
6 33 1
6 3 1
6 31 3
6 28 3
4 43 2
4 1 2
4 4 2
4 43 1
4 6 1
4 37 1
8 4 1
8 6 1
8 8 1
8 40 1
8 42 1
8 42 2
8 5 2
3 42 1
8 65 2
8 35 4
1 8 1
1 6 1
1 47 1
1 46 3
1 37 1
5 10 1
5 2 1
5 37 1
5 26 1
5 16 1
5 5 1
5 5 1
5 35 2
5 35 2
5 60 1
5 10 2
5 6 2
5 56 2
5 60 2
5 50 2
5 48 3
2 9 1
2 35 1
2 35 1
2 58 2
2 35 2
2 3 2
2 3 2
2 3 2
2 3 2
2 3 2
2 3 2
2 3 2
2 3 2
2 3 2
2 3 2
2 3 2
2 3 2
2 65 2
2 65 2
6 7 2
6 7 2
6 37 1
6 37 1
6 27 2
6 47 2
6 52 2
6 42 2
6 62 3
6 37 3
6 3 3
6 12 3
6 42 2
6 42 4
6 37 4
6 7 2
6 7 2
6 7 2
6 7 2
6 7 2
6 7 2
6 7 2
6 7 2
6 7 2
6 7 2
6 7 2
6 7 2
6 7 2
6 7 2
6 7 2
6 7 2
6 7 2
6 7 2
6 7 2
6 7 2
6 62 3
6 68 3
6 42 3
0 39 1
0 35 1
8 8 3
8 8 3
8 8 3
8 8 3
8 8 3
8 8 3
6 7 2
8 8 3
8 8 3
8 8 3
8 8 3
8 8 3
8 8 2
8 8 2
8 8 2
8 8 2
8 7 2
8 7 2
8 4 5
8 7 2
8 7 2
8 75 3
8 55 3
8 15 3
8 15 3
8 40 4
8 40 4
8 40 5
8 51 3
8 48 1
8 45 1
7 43 1
7 37 1
7 22 1
7 7 1
7 7 1
7 7 1
7 7 1
7 7 1
7 7 1
7 7 1
7 7 1
7 7 1
7 7 1
7 7 1
7 7 1
79 60 5
79 60 5
79 72 5
79 72 5
39 30 3
39 40 1
39 42 2
39 42 3
39 42 2
39 5 1
39 8 1
39 2 1
22 25 3
22 50 1
22 50 1
72 42 3
72 42 2
72 47 2
72 42 4
72 67 4
72 47 2
61 59 1
61 32 1
61 63 2
61 65 2
61 55 2
61 41 5
61 32 5
61 34 1
61 34 1
61 33 1
61 5 1
61 1 1
61 8 1
61 4 1
23 25 2
23 35 2
23 22 2
23 25 2
23 27 1
23 23 2
28 1 1
28 31 1
28 51 1
28 51 2
28 32 3
28 32 3
28 37 4
77 50 2
77 50 3
77 85 5
77 80 5
77 55 5
77 78 5
77 20 5
77 20 5
58 19 1
58 55 1
73 65 1
73 66 3
73 22 5
73 32 5
73 47 5
73 47 5
73 52 5
37 37 1
37 57 2
37 37 2
37 42 2
37 42 1
37 52 1
37 37 1
37 38 1
37 37 2
37 37 2
37 42 2
37 37 2
37 45 2
37 37 2
45 42 1
45 42 1
45 47 1
45 32 1
45 37 1
45 42 1
45 27 1
45 32 1
60 4 1
60 10 1
60 11 1
60 15 1
60 16 1
60 60 1
43 7 1
43 40 1
43 9 1
37 42 1
18 17 1
18 17 1
18 17 1
18 17 1
18 17 1
18 17 1
18 17 1
18 17 1
18 17 1
18 17 1
18 17 1
18 17 1
18 17 1
18 18 3
18 18 3
18 18 3
18 18 3
18 18 3
18 18 3
18 18 3
18 18 3
18 18 3
18 18 3
18 18 3
18 19 3
18 19 3
18 19 3
18 19 3
18 19 3
18 19 3
18 19 3
18 19 3
18 19 3
18 19 3
39 35 1
39 3 1
39 3 1
39 32 4
39 50 2
39 50 2
39 40 2
39 52 2
39 50 2
39 48 2
39 52 2
39 37 2
39 38 2
55 12 1
55 12 1
55 12 2
55 12 2
55 43 3
55 41 3
55 40 3
55 48 1
72 9 2
53 49 1
53 24 2
53 60 3
53 21 1
53 62 4
53 52 4
53 47 4
53 37 2
48 52 1
48 22 1
48 24 1
48 60 3
48 35 3
48 35 3
48 35 4
48 55 3
48 35 3
48 30 3
48 50 3
48 50 3
48 50 1
48 55 2
48 45 2
48 27 2
48 55 2
48 30 2
48 62 2
48 52 2
48 17 3
48 25 3
66 84 3
47 46 1
47 8 1
47 14 1
47 71 4
31 16 2
31 15 2
31 16 2
31 14 2
31 45 2
31 33 2
31 34 2
31 33 4
31 29 1
48 43 1
48 8 1
48 10 1
48 42 2
48 7 3
48 42 3
48 9 3
48 47 4
42 45 1
42 11 1
42 15 1
42 27 5
42 27 5
42 45 2
71 36 2
71 37 2
71 72 2
71 72 2
71 72 2
71 72 2
71 77 2
71 42 3
50 54 1
50 55 5
50 20 5
50 22 5
50 27 5
50 22 2
65 68 1
65 72 2
65 65 4
46 8 1
46 12 1
46 41 1
46 51 1
46 43 1
46 29 1
46 36 4
46 59 3
39 38 1
39 2 1
39 4 1
39 6 1
39 42 2
39 37 4
18 17 2
18 17 2
18 17 2
18 22 2
18 17 2
18 22 2
18 22 2
18 22 2
18 22 2
18 22 2
18 45 2
18 45 2
18 27 2
18 27 2
18 30 4
18 30 4
18 30 4
18 27 3
18 52 3
18 27 3
18 27 3
78 25 4
78 45 4
51 84 3
51 71 5
51 48 5
51 40 5
51 53 1
51 33 3
51 41 2
51 45 5
76 73 1
76 42 2
76 36 2
76 2 2
65 65 1
65 62 4
56 52 1
56 17 1
56 20 4
56 50 4
56 56 4
56 67 4
56 51 4
56 51 4
27 54 4
27 89 4
53 61 1
53 11 3
53 8 3
53 5 3
53 34 3
71 51 2
27 57 1
27 25 3
27 25 3
27 23 4
27 25 4
27 26 4
27 25 4
27 27 4
25 27 1
25 27 2
25 62 2
73 80 1
73 49 2
73 57 2
73 46 2
73 45 2
76 5 2
76 32 3
36 6 1
36 11 1
36 35 1
36 37 3
42 52 3
42 16 3
42 22 4
42 22 4
42 23 3
42 21 3
78 44 3
78 41 3
78 44 3
78 38 3
78 13 3
78 11 3
78 10 3
78 6 3
48 13 1
48 15 1
48 50 1
48 46 2
48 47 2
48 58 2
48 43 2
48 34 2
63 37 4
63 37 4
63 37 2
63 37 2
63 7 2
63 2 2
65 72 1
38 4 1
38 7 1
38 35 1
38 68 3
38 67 4
38 47 3
38 3 2
38 5 2
38 37 2
38 37 2
38 8 2
38 10 2
38 45 2
38 47 2
26 65 5
26 80 5
26 51 5
77 59 1
77 84 3
34 3 1
8 7 2
7 7 1
7 7 1
7 7 1
7 8 1
7 8 1
7 8 1
7 8 1
7 8 1
7 7 1
7 7 1
7 7 1
7 7 1
7 7 1
7 7 1
7 7 1
0 35 5
0 33 1
0 31 1
8 47 1
8 41 1
8 11 1
8 6 1
8 32 1
8 8 1
8 8 1
8 9 1
8 9 1
8 9 1
8 9 1
8 8 1
8 8 1
8 9 1
8 9 1
8 8 1
8 8 1
8 9 1
8 10 1
8 9 1
8 8 1
8 10 1
8 8 1
8 8 1
8 8 1
8 9 1
8 8 1
8 8 1
8 10 1
8 9 1
8 9 1
8 10 2
8 41 3
8 43 3
8 35 4
1 3 1
1 63 2
24 23 1
24 22 5
24 42 5
24 47 5
24 32 5
24 27 5
24 37 5
24 32 5
37 6 2
37 10 2
37 54 2
37 33 2
37 39 3
37 70 4
37 69 4
67 66 1
67 66 1
33 2 3
33 1 4
33 4 4
33 3 3
33 0 3
33 28 1
33 33 2
33 32 3
33 33 4
33 32 4
33 33 2
33 30 3
33 33 3
33 32 3
33 30 2
33 31 3
33 30 3
33 30 3
33 64 2
33 71 2
33 40 3
33 37 3
33 46 3
33 35 3
33 17 3
33 58 3
33 30 3
33 23 3
33 31 3
33 18 3
33 42 3
33 40 3
33 38 3
33 38 3
33 28 3
33 45 3
33 20 3
64 72 1
64 64 1
64 64 1
52 51 1
20 19 2
20 20 2
20 23 1
20 19 2
20 35 2
20 17 2
20 21 1
20 21 3
20 34 1
58 65 1
58 59 3
58 60 3
58 58 3
58 59 3
58 55 3
58 65 3
64 64 4
64 62 4
64 62 1
64 58 4
64 55 4
64 61 3
64 55 4
64 51 4
64 56 4
64 54 4
47 42 1
47 16 1
47 14 1
47 46 2
47 44 2
47 47 2
47 49 2
47 50 2
47 50 2
67 74 1
67 42 3
67 8 3
67 9 3
67 47 3
77 80 1
77 30 2
77 50 2
77 55 4
77 55 4
77 30 4
77 43 2
77 35 2
77 13 2
77 10 2
77 45 4
77 45 4
72 67 3
72 57 3
72 27 4
8 9 1
1 65 2
1 34 1
1 48 1
1 6 3
1 8 3
6 4 1
6 40 1
6 26 1
6 6 1
6 5 1
6 6 1
6 4 1
6 4 1
6 5 1
6 6 2
6 6 2
6 4 3
6 69 1
6 43 4
6 42 4
6 11 5
6 9 5
6 10 3
6 8 3
6 6 1
0 5 1
0 2 1
7 11 1
7 34 1
7 41 1
7 72 2
7 76 2
7 23 3
7 5 3
7 26 3
7 25 3
7 18 3
7 30 1
7 37 1
7 26 4
7 8 1
7 9 3
4 5 2
4 5 2
4 5 2
4 5 2
4 5 2
4 5 2
4 5 2
4 5 2
4 5 2
4 5 2
4 5 2
4 5 2
4 5 2
4 5 2
4 5 2
7 7 1
4 5 2
4 5 2
4 5 2
4 5 2
4 5 2
4 5 2
4 5 2
4 5 2
4 5 2
4 5 2
4 5 2
4 5 2
4 5 2
4 5 2
4 5 2
4 41 1
4 11 1
4 8 1
4 12 2
4 14 2
4 7 2
4 8 3
4 4 2
0 30 1
0 34 1
0 2 1
0 54 3
0 30 5
0 27 5
0 30 5
0 30 5
0 30 5
0 30 5
0 30 5
0 0 5
0 0 5
0 0 5
0 0 5
0 0 5
0 0 5
0 0 5
0 14 3
0 14 5
6 37 1
6 40 1
6 8 1
6 52 2
6 6 2
6 7 2
6 37 3
6 7 2
6 6 2
6 6 2
6 7 2
6 6 2
6 5 2
6 7 2
6 10 2
6 6 3
6 3 3
6 8 5
1 4 1
1 30 3
1 16 3
1 52 3
1 55 3
1 43 2
1 33 2
1 7 2
1 9 2
7 3 1
7 39 1
7 7 2
7 7 1
7 4 2
7 39 1
5 37 1
5 39 1
5 7 1
5 2 1
5 35 2
5 64 2
5 65 2
5 6 2
5 6 2
5 5 2
5 5 2
5 5 2
5 4 2
1 42 1
1 46 1
1 1 1
1 72 2
1 71 2
2 4 1
2 35 1
2 37 1
2 63 2
2 61 3
2 37 4
2 3 4
3 37 1
3 9 1
3 6 1
3 42 1
3 72 3
1 54 1
1 38 1
2 31 1
2 3 1
2 39 1
2 50 2
0 32 1
0 4 1
0 33 1
0 5 3
0 9 3
0 33 3
0 38 3
3 24 1
3 26 1
3 31 1
3 50 1
3 50 1
3 61 2
3 0 1
3 18 1
3 51 2
0 3 2
0 63 1
0 60 2
0 6 1
0 9 1
0 36 1
0 32 1
2 50 1
2 39 1
2 5 1
2 0 1
0 2 1
0 30 1
0 35 1
0 16 2
0 53 2
0 23 1
0 42 2
0 27 1
8 50 1
8 54 1
8 8 1
8 42 2
8 42 2
8 32 2
8 7 1
8 7 1
8 7 1
8 7 1
8 8 1
8 7 1
8 57 3
8 12 2
8 12 3
8 27 5
8 9 1
8 8 1
8 8 1
8 6 2
8 8 1
8 30 3
8 31 2
4 38 1
4 36 1
4 0 1
4 7 1
4 60 4
4 62 4
7 7 2
7 10 1
7 13 1
7 42 1
7 39 1
7 8 2
7 8 1
7 8 1
7 50 2
7 25 2
7 6 1
7 8 2
11 47 1
11 42 1
11 12 1
11 7 1
11 52 1
11 47 2
11 11 1
11 10 1
11 11 1
11 12 1
11 12 1
11 12 1
11 13 1
11 11 1
11 12 1
11 10 1
11 11 1
11 10 1
11 11 1
11 10 1
11 11 1
11 10 1
17 51 1
17 47 1
17 13 1
17 19 2
17 17 2
17 18 3
17 55 4
17 55 4
17 45 4
17 45 4
17 1 5
17 4 5
17 17 4
11 44 1
11 53 2
11 10 2
11 9 2
11 56 1
11 10 2
11 10 2
11 10 2
11 9 2
11 9 2
11 8 2
11 8 2
11 3 2
11 3 2
11 54 2
11 54 2
11 10 2
11 10 2
11 28 3
11 9 3
11 10 3
11 9 3
11 11 3
11 10 2
11 9 2
11 9 2
11 9 2
11 9 2
11 11 2
11 10 2
11 9 2
11 19 3
11 10 2
11 10 2
11 10 2
11 11 2
10 13 2
10 10 2
10 5 3
10 3 3
10 7 1
10 66 2
10 70 2
10 41 2
10 39 2
10 36 3
10 38 3
10 40 1
10 38 1
10 48 3
10 53 4
10 55 4
10 53 4
10 40 2
10 10 1
11 11 2
11 12 2
11 12 2
11 11 2
11 11 2
11 12 2
11 11 1
11 11 2
11 11 2
11 12 2
11 12 2
11 12 2
11 12 2
11 11 2
11 12 2
11 12 2
11 11 2
11 42 1
11 72 1
11 77 1
11 47 1
11 10 1
11 16 2
11 48 1
11 72 2
11 9 2
11 12 2
11 74 2
11 47 1
11 11 2
15 14 1
15 14 2
15 14 1
15 14 1
15 14 1
15 14 1
15 14 1
15 44 1
15 9 1
15 12 1
15 15 1
15 44 1
15 15 1
15 13 1
15 12 1
15 57 2
15 57 2
15 42 2
15 47 2
15 37 2
15 47 2
15 14 2
15 14 1
15 14 1
15 14 1
15 14 1
15 14 1
15 14 1
15 14 1
15 13 1
15 14 1
17 16 1
34 39 1
34 36 3
34 48 3
34 41 3
34 39 4
34 26 3
34 29 4
34 33 4
34 35 4
66 72 1
66 60 3
66 60 3
66 60 3
66 60 3
66 60 3
66 60 3
66 57 3
66 42 1
59 59 1
24 25 1
24 43 1
24 26 1
24 25 2
24 26 2
24 25 2
24 57 2
24 37 2
24 32 2
24 25 2
70 70 1
21 21 1
21 18 1
21 47 1
21 47 2
21 22 2
21 26 2
21 24 2
21 28 2
21 20 2
21 21 2
21 37 3
21 22 3
65 58 1
65 54 4
65 23 5
72 71 1
51 50 1
51 18 1
51 27 3
51 22 2
51 52 3
51 30 3
51 47 3
51 52 3
51 47 3
51 35 3
51 27 3
51 27 3
51 45 3
51 27 3
51 25 3
79 59 1
79 26 1
79 33 2
79 30 2
79 28 3
79 47 5
79 47 5
42 54 1
42 17 1
42 20 1
42 47 1
42 42 1
42 47 1
42 47 1
42 39 2
42 22 1
42 22 1
42 3 1
42 3 1
42 3 1
42 3 1
42 3 1
42 3 1
42 3 1
42 3 1
42 3 1
42 3 1
42 3 1
42 3 1
42 3 1
42 3 1
42 3 1
42 2 1
42 13 2
42 42 2
42 42 2
42 42 2
42 4 2
42 9 2
42 9 2
42 22 2
55 53 1
55 40 2
55 30 2
55 40 2
55 35 1
55 35 2
55 18 2
57 59 1
57 52 1
57 52 5
57 42 5
57 42 5
57 47 1
57 42 2
42 10 2
57 47 2
53 50 1
39 43 1
39 9 1
39 7 1
39 78 3
39 69 3
39 43 1
39 50 2
39 47 2
39 36 2
39 34 2
39 47 2
39 50 2
39 55 2
39 40 2
39 29 2
39 42 2
39 47 2
78 52 3
78 47 3
78 14 3
45 5 1
45 8 1
45 45 1
45 32 2
45 31 2
45 57 2
17 16 2
17 16 2
17 67 1
17 51 1
17 19 1
17 18 2
17 1 2
17 32 5
17 37 5
11 39 1
11 40 1
11 13 1
11 13 1
11 14 1
11 12 1
11 12 2
11 13 2
11 53 1
11 35 1
11 36 2
11 11 1
15 41 1
15 43 1
15 12 1
15 17 1
15 15 1
15 15 1
15 15 2
15 16 2
15 37 2
15 47 2
15 40 2
15 37 2
15 37 2
15 16 2
16 11 1
16 18 1
16 49 1
16 50 1
16 19 3
16 70 3
16 45 3
14 14 1
14 12 1
14 39 1
14 40 1
14 10 1
14 14 1
14 13 1
14 14 1
14 15 1
14 14 1
14 15 1
14 14 1
14 14 1
14 12 1
14 16 1
14 17 5
14 18 5
14 17 5
14 35 2
14 35 2
12 12 1
12 12 1
12 12 1
12 32 2
12 52 2
12 12 2
12 12 2
12 12 2
12 12 2
12 12 2
12 12 2
12 12 2
12 12 1
12 12 1
12 12 1
12 12 1
11 48 1
11 16 1
11 14 1
11 13 1
11 11 1
11 11 1
11 11 1
11 11 1
11 11 1
11 11 1
11 11 1
11 11 1
11 11 1
11 11 1
11 11 1
11 11 1
11 11 1
11 11 1
11 11 1
11 11 1
11 11 1
11 11 1
11 11 1
11 11 1
11 11 1
11 11 1
11 11 1
11 11 1
11 11 1
11 11 1
11 13 1
11 46 1
11 47 1
11 5 2
13 45 1
13 40 1
13 16 1
13 13 1
13 11 3
13 9 3
13 13 2
13 14 2
13 14 2
13 14 2
13 15 1
13 14 1
13 14 1
13 13 1
13 14 1
13 14 1
13 48 2
13 14 1
13 15 1
13 14 1
13 14 1
13 14 1
13 14 1
13 14 1
13 14 1
13 14 1
13 14 1
13 14 1
13 15 1
13 14 1
13 14 2
13 14 2
15 48 1
15 17 1
15 50 1
15 12 1
15 15 1
15 17 1
15 16 1
15 16 1
15 42 2
15 36 2
15 16 1
15 16 1
15 16 1
15 15 1
15 16 1
15 15 2
15 14 1
15 14 1
15 16 1
15 16 1
15 18 1
15 17 2
15 12 2
15 13 2
15 13 2
15 12 2
15 11 2
15 12 2
15 13 2
12 47 1
12 14 1
12 12 1
12 14 1
12 16 1
12 17 1
12 12 1
12 12 1
12 12 1
12 12 1
12 12 1
12 12 1
12 12 1
12 12 1
12 12 1
12 12 1
12 12 1
12 12 1
12 12 1
12 12 1
12 12 1
12 12 1
12 12 1
12 12 1
12 12 1
12 12 1
12 12 1
12 12 1
12 12 1
12 12 1
12 12 1
12 30 1
12 51 1
12 67 1
12 74 1
11 45 1
11 12 1
11 11 2
11 12 2
11 12 2
11 11 2
11 11 2
11 12 2
11 11 2
11 11 2
11 11 2
11 12 2
11 12 2
11 14 2
11 12 2
11 11 2
11 12 2
11 12 2
11 12 2
11 11 2
11 52 2
11 21 2
11 10 2
11 10 2
11 11 2
11 12 2
11 11 2
11 13 2
11 12 2
11 12 2
11 11 2
11 11 2
11 11 2
11 10 2
11 12 2
11 10 2
11 11 2
11 11 2
11 12 2
11 14 2
11 13 1
11 15 1
11 13 1
11 15 1
10 41 1
10 41 1
10 14 1
10 67 3
10 70 3
10 9 2
10 5 3
10 11 2
10 11 2
10 12 2
10 11 2
10 9 1
10 6 1
10 38 1
10 39 1
11 10 1
11 10 2
11 11 1
11 23 1
11 9 1
11 41 1
11 46 1
12 8 1
12 10 1
12 41 1
12 47 1
12 50 2
12 12 2
12 11 2
12 12 2
12 13 2
12 12 2
12 12 2
12 12 2
12 12 2
12 12 2
12 12 2
45 57 3
45 57 3
11 8 1
11 35 1
11 40 1
11 11 1
11 11 1
11 11 1
11 11 1
11 11 1
11 11 1
11 41 2
11 12 1
11 12 1
16 51 1
16 16 1
16 16 1
16 18 2
16 18 2
16 18 2
16 17 2
16 17 2
16 16 2
16 16 2
16 16 2
16 16 2
16 20 2
16 52 1
13 16 1
13 40 1
13 43 1
13 12 1
12 43 1
12 43 1
12 12 1
12 11 1
12 11 1
12 11 1
12 12 1
12 42 3
12 52 3
14 11 1
14 14 2
14 14 2
14 14 2
14 14 2
14 14 2
14 14 2
14 14 2
14 14 2
14 14 2
14 14 2
14 50 1
14 42 1
13 13 1
13 12 1
13 43 1
13 43 1
13 16 1
13 13 2
13 13 2
13 12 2
13 11 2
13 13 2
13 12 2
13 13 2
13 1 3
13 3 3
13 9 1
13 45 1
13 48 1
13 74 1
11 45 1
11 8 1
11 42 1
11 40 5
11 50 1
11 10 1
11 11 1
11 11 1
11 11 1
11 11 1
11 11 1
11 11 1
11 12 1
11 12 1
10 39 1
10 45 1
10 14 1
10 9 2
10 10 2
10 10 2
10 10 2
10 10 2
10 10 2
10 10 2
10 10 2
10 10 2
10 10 2
10 10 2
10 10 2
10 42 2
10 27 2
10 10 2
10 10 2
10 10 2
10 10 2
10 11 2
10 14 2
10 12 2
10 8 2
10 5 2
10 16 2
10 16 3
10 68 3
10 60 3
15 16 1
15 15 1
15 16 1
15 16 1
15 16 1
15 16 1
15 16 1
15 50 1
15 48 1
15 18 1
16 17 1
16 16 2
16 14 2
16 15 2
16 15 2
16 16 2
16 18 1
16 15 2
16 16 4
16 16 4
16 16 4
16 15 4
16 15 4
16 14 4
16 13 4
16 40 2
16 50 2
16 47 1
16 47 1
16 41 2
16 23 2
16 24 2
16 21 2
16 16 2
16 17 4
16 15 4
16 15 4
16 50 4
16 55 2
16 16 2
16 16 2
16 15 4
16 17 4
16 19 4
16 18 4
16 15 4
16 14 2
16 16 2
16 18 2
16 17 4
16 16 4
16 16 2
16 15 2
14 43 1
14 12 1
14 15 2
14 15 2
14 16 4
11 70 2
11 74 2
11 38 1
11 34 1
11 8 1
11 48 1
11 44 1
11 35 4
11 35 4
11 58 3
11 59 3
11 6 1
11 39 1
11 44 1
11 16 2
11 42 2
15 14 2
15 47 1
15 51 1
15 19 1
15 17 1
16 22 2
16 35 3
16 16 2
16 17 2
16 15 2
16 16 1
16 17 2
16 16 2
16 16 2
16 16 4
16 16 2
16 16 2
16 16 2
16 9 1
16 48 1
12 14 1
12 40 1
12 42 1
12 12 2
12 12 2
12 6 3
14 12 1
14 40 1
14 42 1
14 4 2
14 7 2
14 39 2
14 40 2
14 72 2
13 13 1
13 13 1
13 13 1
13 11 2
13 11 2
13 11 2
13 14 2
13 14 3
13 16 3
13 25 3
13 12 2
13 12 2
13 14 1
13 42 1
13 46 1
13 9 1
13 13 1
13 13 1
13 13 2
13 53 1
13 43 1
51 66 2
51 55 4
51 57 4
51 81 2
25 27 1
28 29 1
28 52 2
28 51 2
28 45 2
28 41 2
28 47 2
28 35 3
28 30 2
65 63 1
65 39 1
65 52 2
65 43 2
66 37 3
66 67 3
71 78 1
71 57 2
71 62 2
71 67 2
71 72 2
71 72 2
71 72 2
71 72 2
71 72 2
71 72 2
71 82 2
71 72 2
71 72 2
71 72 2
71 72 2
68 79 3
68 74 3
68 40 3
18 18 1
18 46 1
18 19 1
18 21 4
18 41 1
18 19 1
18 37 4
18 22 4
18 21 4
18 22 4
18 19 5
18 20 5
21 19 1
21 20 1
21 22 1
21 45 1
21 49 1
74 65 2
74 80 1
74 67 1
47 44 1
47 9 1
47 12 1
47 59 1
47 38 1
47 45 1
47 35 1
47 82 1
47 45 4
45 44 2
45 35 2
48 53 1
48 40 2
48 25 2
60 56 1
60 53 1
60 28 2
60 54 3
60 39 3
60 63 3
60 57 3
60 51 3
60 58 3
60 53 3
59 59 1
34 53 1
34 35 2
34 37 3
41 65 1
41 53 3
41 19 3
41 52 2
38 36 1
38 6 1
38 4 1
38 62 5
28 1 1
28 23 1
28 51 1
28 44 1
57 61 2
57 62 2
57 67 2
57 41 4
57 37 2
57 56 1
57 26 3
57 58 4
57 57 1
62 64 1
62 2 2
62 34 2
62 34 2
62 35 2
63 50 1
65 65 1
65 60 2
65 64 1
65 38 2
55 37 3
55 35 2
47 35 1
47 27 2
47 40 3
47 50 1
47 47 1
47 10 1
47 61 3
47 37 3
29 0 1
29 3 1
29 31 1
29 83 3
27 27 1
62 57 1
62 31 1
62 61 2
62 63 2
62 65 2
62 60 1
62 65 1
62 58 1
62 48 5
62 54 5
62 54 5
62 51 5
53 27 1
53 20 1
53 35 3
53 45 3
53 55 5
53 25 2
53 85 3
33 40 1
33 10 1
33 8 1
33 40 3
33 40 3
33 55 3
33 22 5
33 52 5
33 10 3
33 10 3
33 10 3
33 10 4
33 10 4
33 9 4
33 40 4
33 10 3
33 10 3
33 10 3
33 9 4
33 9 4
33 9 4
33 9 4
33 9 4
33 9 4
33 9 4
33 43 1
34 35 1
34 62 2
34 62 2
63 60 1
63 69 3
63 60 3
63 65 3
63 72 3
27 29 2
27 27 2
27 24 2
27 32 1
69 61 4
69 45 4
69 42 3
10 8 1
10 8 1
10 10 1
10 14 1
10 15 1
10 39 1
10 47 1
10 9 1
10 9 1
10 9 1
10 9 1
10 9 1
10 9 1
10 9 1
10 9 1
78 76 1
38 16 5
38 40 5
38 50 2
38 50 2
38 65 2
38 60 2
38 44 2
38 48 2
38 50 2
38 50 2
38 54 2
38 50 2
38 40 2
38 42 1
62 40 2
62 10 1
62 3 1
23 62 1
23 2 1
23 2 2
23 0 2
23 17 2
26 27 1
26 37 1
26 37 1
26 27 1
26 27 1
26 1 1
26 8 1
26 30 1
26 4 3
26 7 3
26 9 3
26 32 3
26 32 3
26 3 3
26 5 3
26 25 3
26 30 3
26 15 3
26 18 3
26 22 3
26 54 3
26 59 3
63 64 1
48 42 1
48 17 1
48 14 1
48 10 1
48 42 2
48 42 2
48 22 3
48 50 2
48 47 4
48 41 4
48 41 4
48 37 3
48 42 3
48 47 3
48 27 3
48 32 3
48 27 3
48 27 3
48 17 2
48 17 2
48 22 2
48 22 2
48 22 2
48 22 2
48 62 4
48 72 4
48 62 2
48 10 2
48 9 3
57 62 1
57 30 1
67 67 2
67 60 2
67 75 2
67 57 2
67 67 3
20 25 2
20 52 3
20 77 3
20 24 3
20 25 3
20 24 4
20 24 4
20 24 3
20 24 3
20 32 3
20 14 3
20 30 4
20 30 4
32 46 1
32 37 3
32 38 2
32 76 1
32 79 2
32 26 2
32 28 2
32 54 2
32 30 2
32 34 2
32 35 1
32 3 1
72 55 3
72 60 3
72 72 1
51 52 1
51 48 2
51 48 2
51 28 2
51 25 3
51 48 2
62 22 5
62 52 2
62 52 1
62 55 1
56 53 1
56 18 4
56 45 3
56 45 3
56 45 3
56 82 3
56 78 3
56 52 3
56 50 3
56 60 3
21 4 1
21 17 1
40 11 1
40 7 1
40 3 1
40 40 1
40 32 3
40 32 3
40 42 3
40 32 3
40 32 3
40 27 3
40 27 3
40 3 3
40 3 3
40 3 3
69 3 2
69 37 2
69 68 5
69 70 5
69 59 5
69 64 5
69 67 5
69 71 5
22 45 1
22 51 1
22 42 1
22 21 1
22 35 1
22 35 1
22 35 1
22 35 1
22 35 1
22 35 1
22 35 1
22 35 1
22 35 1
22 44 1
22 23 1
29 43 1
29 39 2
29 40 3
29 37 3
29 7 3
29 5 3
26 49 1
26 50 1
26 24 2
26 29 2
60 53 3
60 55 3
60 56 2
60 55 2
60 54 2
60 59 2
60 54 2
60 30 3
60 29 3
60 1 3
60 50 2
33 27 1
33 32 1
33 32 1
33 47 1
33 37 1
33 47 1
33 47 1
33 52 1
33 47 1
33 47 1
33 42 1
33 42 1
33 37 4
33 32 4
33 22 4
33 37 4
33 37 2
33 32 2
33 42 3
33 37 3
33 52 3
33 37 4
33 4 4
33 6 4
74 12 2
74 42 2
74 44 2
74 43 2
74 74 2
53 55 1
53 35 3
53 36 3
77 80 1
77 45 1
77 65 1
77 54 2
77 40 1
37 38 2
37 39 3
37 34 3
37 34 3
37 36 3
37 61 1
37 61 1
37 44 2
37 20 2
37 20 5
37 20 5
37 20 5
37 20 4
37 20 4
37 20 5
60 64 1
54 58 1
54 36 1
54 27 3
54 62 2
54 32 4
42 37 1
42 37 1
42 53 1
42 36 1
42 37 2
42 42 2
42 37 2
42 42 2
63 60 1
63 70 2
63 65 2
63 52 3
63 55 3
63 32 3
63 35 3
63 30 3
63 22 3
63 65 3
63 70 4
63 45 4
63 50 2
63 57 2
63 35 3
63 37 3
63 18 3
63 20 3
63 55 2
63 72 3
63 72 4
63 47 4
63 47 2
63 62 3
63 62 3
63 60 1
63 70 2
39 36 1
39 8 1
39 3 1
39 37 3
39 62 2
39 62 2
39 40 3
39 72 5
39 72 5
39 39 3
39 67 4
39 55 5
39 42 3
39 42 3
39 37 4
39 9 4
39 7 5
39 42 5
39 42 5
39 37 4
39 10 4
39 6 5
39 42 4
39 37 5
39 37 5
39 37 3
39 37 3
39 37 4
45 51 1
45 16 1
45 84 2
45 51 2
45 90 3
45 21 1
71 9 2
71 37 2
71 41 1
71 67 1
71 82 4
70 62 2
70 78 2
70 80 2
60 35 2
60 64 3
60 62 3
60 35 5
60 40 4
60 42 4
60 52 4
60 22 5
60 27 5
60 32 5
60 37 5
60 42 5
58 61 1
58 2 1
58 5 1
58 33 1
58 33 1
58 67 3
58 55 2
58 30 3
58 42 3
58 51 3
58 53 3
58 56 3
58 52 3
58 44 3
58 52 2
58 65 2
58 62 2
58 23 2
58 59 4
58 66 3
58 55 3
58 56 3
58 59 3
58 58 3
69 58 4
69 57 4
69 69 4
69 65 4
69 57 4
69 56 4
69 86 3
69 61 4
18 15 1
18 45 1
18 46 1
18 22 2
18 29 3
18 47 1
18 47 1
51 51 1
51 22 1
51 31 1
51 24 1
51 28 2
51 57 2
51 47 1
51 52 4
51 32 3
51 37 3
51 37 3
51 32 3
51 47 3
51 16 3
51 30 3
51 27 3
51 18 3
51 27 3
51 20 3
51 27 3
51 27 3
51 32 3
51 32 3
76 77 1
76 68 2
76 68 2
76 82 2
76 80 2
76 70 2
76 60 4
76 65 5
76 70 4
76 70 4
76 75 4
76 68 4
76 70 4
22 19 2
22 24 3
22 27 3
22 53 1
22 54 1
77 79 2
77 40 2
77 68 2
77 36 2
70 72 1
70 76 3
70 37 2
70 58 2
36 37 1
36 8 1
36 5 1
36 46 1
