3237 3237 100 14
3238 3238 229 2
3239 3239 19 4
3240 3240 20 6
3241 3241 21 4
3242 3242 22 5
3243 3243 23 4
3244 3244 24 0
3245 3245 25 3
3246 3246 26 4
3247 3247 27 0
3248 3248 28 3
3249 3249 29 1
3250 3250 30 6
3251 3251 31 4
3252 3252 32 8
3253 3253 33 1
3254 3254 34 5
3255 3255 35 2
3256 3256 36 6
3257 3257 37 4
3258 3258 38 0
3259 3259 39 8
3260 3260 40 7
3261 3261 265 79
3262 3262 266 39
3263 3263 267 22
3264 3264 205 72
3265 3265 206 61
3266 3266 207 23
3267 3267 208 28
3268 3268 209 77
3269 3269 210 58
3270 3270 211 73
3271 3271 212 37
3272 3272 213 45
3273 3273 214 60
3274 3274 215 43
3275 3275 216 18
3276 3276 217 39
3277 3277 218 55
3278 3278 219 72
3279 3279 220 53
3280 3280 221 48
3281 3281 222 66
3282 3282 223 47
3283 3283 224 31
3284 3284 225 48
3285 3285 226 42
3286 3286 227 71
3287 3287 228 50
3288 3288 230 65
3289 3289 231 46
3290 3290 232 39
3291 3291 233 18
3292 3292 234 78
3293 3293 235 51
3294 3294 236 76
3295 3295 237 65
3296 3296 238 56
3297 3297 239 27
3298 3298 240 53
3299 3299 241 71
3300 3300 242 27
3301 3301 243 19
3302 3302 244 25
3303 3303 245 73
3304 3304 246 76
3305 3305 247 36
3306 3306 248 42
3307 3307 249 78
3308 3308 250 48
3309 3309 251 63
3310 3310 252 65
3311 3311 253 38
3312 3312 254 26
3313 3313 255 77
3314 3314 256 34
3315 3315 41 0
3316 3316 42 8
3317 3317 43 3
3318 3318 44 1
3319 3319 275 24
3320 3320 276 37
3321 3321 277 67
3322 3322 278 33
3323 3323 279 1
3324 3324 280 64
3325 3325 281 52
3326 3326 282 20
3327 3327 283 58
3328 3328 284 64
3329 3329 285 47
3330 3330 286 67
3331 3331 287 77
3332 3332 288 72
3333 3333 45 6
3334 3334 46 0
3335 3335 47 7
3336 3336 48 4
3337 3337 49 0
3338 3338 50 6
3339 3339 51 1
3340 3340 52 7
3341 3341 53 5
3342 3342 54 1
3343 3343 56 2
3344 3344 57 3
3345 3345 58 5
3346 3346 59 1
3347 3347 60 2
3348 3348 61 0
3349 3349 62 0
3350 3350 63 3
3351 3351 64 5
3352 3352 65 5
3353 3353 66 0
3354 3354 67 2
3355 3355 68 0
3356 3356 69 0
3357 3357 70 8
3358 3358 71 4
3359 3359 72 3
3360 3360 73 3
3361 3361 74 7
3362 3362 75 11
3363 3363 76 17
3364 3364 77 11
3365 3365 78 10
3366 3366 79 11
3367 3367 80 15
3368 3368 81 17
3369 3369 257 66
3370 3370 258 59
3371 3371 259 24
3372 3372 260 70
3373 3373 261 21
3374 3374 262 65
3375 3375 263 72
3376 3376 264 51
3377 3377 268 42
3378 3378 269 55
3379 3379 270 57
3380 3380 271 53
3381 3381 272 39
3382 3382 273 78
3383 3383 274 45
3384 3384 82 11
3385 3385 83 15
3386 3386 84 16
3387 3387 85 14
3388 3388 86 12
3389 3389 87 11
3390 3390 88 11
3391 3391 89 13
3392 3392 90 15
3393 3393 91 12
3394 3394 92 11
3395 3395 93 10
3396 3396 94 11
3397 3397 95 12
3398 3398 96 11
3399 3399 97 16
3400 3400 98 13
3401 3401 99 12
3402 3402 101 13
3403 3403 102 13
3404 3404 103 11
3405 3405 104 10
3406 3406 105 15
3407 3407 106 16
3408 3408 107 14
3409 3409 108 11
3410 3410 109 11
3411 3411 110 15
3412 3412 111 16
3413 3413 112 12
3414 3414 113 14
3415 3415 114 13
3416 3416 115 13
3417 3417 116 13
3418 3418 117 51
3419 3419 118 25
3420 3420 119 28
3421 3421 120 65
3422 3422 121 4
3423 3423 122 66
3424 3424 123 71
3425 3425 124 68
3426 3426 125 18
3427 3427 126 21
3428 3428 127 74
3429 3429 128 47
3430 3430 129 45
3431 3431 130 64
3432 3432 131 48
3433 3433 132 60
3434 3434 133 59
3435 3435 134 34
3436 3436 135 41
3437 3437 136 38
3438 3438 137 28
3439 3439 138 57
3440 3440 140 62
3441 3441 141 63
3442 3442 142 65
3443 3443 143 65
3444 3444 144 55
3445 3445 145 47
3446 3446 146 29
3447 3447 147 27
3448 3448 148 62
3449 3449 149 53
3450 3450 150 33
3451 3451 151 34
3452 3452 152 63
3453 3453 153 27
3454 3454 154 69
3455 3455 155 10
3457 3457 139 78
3458 3458 158 38
3459 3459 159 62
3460 3460 160 2
3461 3461 161 23
3462 3462 162 26
3463 3463 163 63
3464 3464 164 48
3465 3465 165 57
3466 3466 166 67
3467 3467 167 20
3468 3468 168 32
3469 3469 169 72
3470 3470 170 51
3471 3471 171 62
3472 3472 172 56
3473 3473 173 21
3474 3474 174 40
3475 3475 175 69
3476 3476 176 22
3477 3477 177 29
3478 3478 178 26
3479 3479 179 6
3480 3480 180 60
3481 3481 181 33
3482 3482 182 74
3483 3483 183 3
3484 3484 184 53
3485 3485 185 77
3486 3486 186 37
3487 3487 187 60
3488 3488 188 54
3489 3489 189 42
3490 3490 190 63
3491 3491 191 39
3492 3492 192 45
3493 3493 193 71
3494 3494 194 70
3495 3495 195 60
3496 3496 196 58
3497 3497 197 69
3498 3498 198 18
3499 3499 199 51
3500 3500 200 76
3501 3501 201 22
3502 3502 202 77
3503 3503 203 70
3504 3504 204 36
6534 50029 55 2
